1554670224 13
1554670225 49
1555352920 204951
1555530603 205034
1555549404 205043
1555549633 154
1555551671 179
1555601892 179
1555721291 205
1555811357 4782
1555898511 4787
1555956836 9343
1555957413 9631
1556329468 9635
1556330735 9635
1556412486 9779
1556415769 9802
1556418905 9809
1556588924 9809
1556590376 9801
1556671029 9895
1556676726 10039
1556762207 10212
1556844556 10275
1557187341 10281
1557187556 10277
1557188260 10298
1557190095 10314
1557191799 10315
1557195949 10322
1557272687 10330
1557276072 10331
1557320831 10333
1557324794 10348
1557325025 10349
1557325119 10318
1557327858 10332
1557407924 10349
1557407996 10380
1557408081 10384
1557414812 10382
1557414820 10244
1557414930 10245
1557415089 10368
1557534726 10380
1557534731 10394
1557536908 10407
1557538381 10413
1557539385 10384
1557539682 10385
1557539765 10385
